5; 1; 10; 
4,97984; 1,02015; 11,1084; 
4,95973; 1,04025; 12,1701; 
4,93965; 1,0603; 13,1879; 
4,91962; 1,08029; 14,1644; 
4,89962; 1,10024; 15,1021; 
4,87967; 1,12014; 16,0031; 
4,85976; 1,13999; 16,8695; 
4,83988; 1,15978; 17,7032; 
4,82005; 1,17953; 18,506; 
4,80026; 1,19923; 19,2796; 
4,78051; 1,21888; 20,0254; 
4,7608; 1,23847; 20,7449; 
4,74114; 1,25802; 21,4393; 
4,72151; 1,27752; 22,1101; 
4,70192; 1,29697; 22,7582; 
4,68238; 1,31637; 23,3849; 
4,66287; 1,33572; 23,991; 
4,64341; 1,35503; 24,5776; 
4,62398; 1,37428; 25,1456; 
4,6046; 1,39348; 25,6958; 
4,58526; 1,41264; 26,2289; 
4,56595; 1,43174; 26,7459; 
4,54669; 1,4508; 27,2472; 
4,52747; 1,46981; 27,7337; 
4,50829; 1,48877; 28,2058; 
4,48915; 1,50768; 28,6644; 
4,47005; 1,52655; 29,1097; 
4,451; 1,54536; 29,5425; 
4,43198; 1,56413; 29,9632; 
4,413; 1,58285; 30,3723; 
4,39407; 1,60152; 30,7703; 
4,37517; 1,62014; 31,1574; 
4,35632; 1,63872; 31,5343; 
4,33751; 1,65725; 31,9012; 
4,31873; 1,67572; 32,2585; 
4,3; 1,69415; 32,6066; 
4,28131; 1,71254; 32,9458; 
4,26266; 1,73087; 33,2764; 
4,24405; 1,74916; 33,5987; 
4,22548; 1,7674; 33,913; 
4,20695; 1,78559; 34,2196; 
4,18846; 1,80374; 34,5188; 
4,17002; 1,82184; 34,8107; 
4,15161; 1,83989; 35,0957; 
4,13325; 1,85789; 35,3739; 
4,11492; 1,87584; 35,6456; 
4,09664; 1,89375; 35,9109; 
4,07839; 1,91161; 36,1702; 
4,06019; 1,92943; 36,4235; 
4,04203; 1,94719; 36,6711; 
4,02391; 1,96491; 36,9132; 
4,00583; 1,98259; 37,1498; 
3,98779; 2,00021; 37,3812; 
3,96979; 2,01779; 37,6076; 
3,95183; 2,03532; 37,829; 
3,93391; 2,05281; 38,0456; 
3,91603; 2,07024; 38,2576; 
3,8982; 2,08763; 38,4651; 
3,8804; 2,10498; 38,6682; 
3,86265; 2,12228; 38,867; 
3,84493; 2,13953; 39,0617; 
3,82726; 2,15673; 39,2524; 
3,80963; 2,17389; 39,4391; 
3,79204; 2,191; 39,6221; 
3,77448; 2,20807; 39,8013; 
3,75697; 2,22508; 39,9769; 
3,7395; 2,24206; 40,1491; 
3,72208; 2,25898; 40,3178; 
3,70469; 2,27586; 40,4831; 
3,68734; 2,29269; 40,6452; 
3,67003; 2,30948; 40,8042; 
3,65277; 2,32622; 40,96; 
3,63554; 2,34292; 41,1129; 
3,61836; 2,35956; 41,2628; 
3,60121; 2,37617; 41,4099; 
3,58411; 2,39272; 41,5541; 
3,56704; 2,40923; 41,6957; 
3,55002; 2,42569; 41,8346; 
3,53304; 2,44211; 41,9708; 
3,5161; 2,45848; 42,1046; 
3,4992; 2,47481; 42,2359; 
3,48234; 2,49109; 42,3647; 
3,46552; 2,50732; 42,4912; 
3,44875; 2,52351; 42,6154; 
3,43201; 2,53965; 42,7373; 
3,41531; 2,55575; 42,8571; 
3,39866; 2,5718; 42,9746; 
3,38204; 2,58781; 43,0901; 
3,36547; 2,60377; 43,2035; 
3,34893; 2,61968; 43,3148; 
3,33244; 2,63555; 43,4242; 
3,31599; 2,65137; 43,5317; 
3,29958; 2,66715; 43,6373; 
3,28321; 2,68288; 43,741; 
3,26688; 2,69856; 43,843; 
3,25059; 2,7142; 43,9431; 
3,23434; 2,7298; 44,0415; 
3,21813; 2,74535; 44,1382; 
3,20196; 2,76085; 44,2332; 
3,18584; 2,77631; 44,3267; 
3,16975; 2,79173; 44,4185; 
3,15371; 2,80709; 44,5087; 
3,1377; 2,82242; 44,5974; 
3,12174; 2,83769; 44,6846; 
3,10582; 2,85293; 44,7703; 
3,08993; 2,86811; 44,8546; 
3,07409; 2,88325; 44,9374; 
3,05829; 2,89835; 45,0189; 
3,04253; 2,9134; 45,099; 
3,02681; 2,92841; 45,1777; 
3,01113; 2,94337; 45,2551; 
2,9955; 2,95829; 45,3313; 
2,9799; 2,97316; 45,4061; 
2,96434; 2,98798; 45,4797; 
2,94883; 3,00276; 45,5521; 
2,93335; 3,0175; 45,6233; 
2,91792; 3,03219; 45,6934; 
2,90252; 3,04684; 45,7622; 
2,88717; 3,06144; 45,83; 
2,87186; 3,07599; 45,8966; 
2,85659; 3,09051; 45,9621; 
2,84136; 3,10497; 46,0265; 
2,82617; 3,11939; 46,0899; 
2,81102; 3,13377; 46,1522; 
2,79591; 3,1481; 46,2136; 
2,78084; 3,16239; 46,2739; 
2,76581; 3,17663; 46,3332; 
2,75083; 3,19083; 46,3915; 
2,73588; 3,20499; 46,4489; 
2,72098; 3,21909; 46,5054; 
2,70611; 3,23316; 46,5609; 
2,69129; 3,24718; 46,6155; 
2,67651; 3,26115; 46,6693; 
2,66176; 3,27508; 46,7221; 
2,64706; 3,28897; 46,7741; 
2,6324; 3,30281; 46,8252; 
2,61778; 3,31661; 46,8755; 
2,6032; 3,33036; 46,925; 
2,58866; 3,34407; 46,9736; 
2,57417; 3,35773; 47,0215; 
2,55971; 3,37135; 47,0685; 
2,54529; 3,38492; 47,1148; 
2,53092; 3,39845; 47,1603; 
2,51658; 3,41194; 47,2051; 
2,50229; 3,42538; 47,2492; 
2,48803; 3,43878; 47,2925; 
2,47382; 3,45213; 47,3351; 
2,45965; 3,46544; 47,3769; 
2,44552; 3,4787; 47,4181; 
2,43143; 3,49192; 47,4586; 
2,41738; 3,5051; 47,4985; 
2,40337; 3,51823; 47,5376; 
2,3894; 3,53131; 47,5761; 
2,37547; 3,54436; 47,614; 
2,36158; 3,55735; 47,6512; 
2,34774; 3,57031; 47,6878; 
2,33393; 3,58322; 47,7237; 
2,32017; 3,59609; 47,7591; 
2,30644; 3,60891; 47,7939; 
2,29276; 3,62169; 47,828; 
2,27912; 3,63442; 47,8616; 
2,26551; 3,64711; 47,8946; 
2,25195; 3,65975; 47,927; 
2,23843; 3,67236; 47,9589; 
2,22495; 3,68491; 47,9902; 
2,21151; 3,69743; 48,0209; 
2,19811; 3,7099; 48,0512; 
2,18475; 3,72232; 48,0809; 
2,17144; 3,73471; 48,11; 
2,15816; 3,74704; 48,1387; 
2,14493; 3,75934; 48,1668; 
2,13173; 3,77159; 48,1944; 
2,11858; 3,78379; 48,2216; 
2,10546; 3,79596; 48,2482; 
2,09239; 3,80808; 48,2744; 
2,07936; 3,82015; 48,3; 
2,06637; 3,83218; 48,3252; 
2,05341; 3,84417; 48,35; 
2,0405; 3,85611; 48,3742; 
2,02763; 3,86801; 48,3981; 
2,01481; 3,87987; 48,4214; 
2,00202; 3,89168; 48,4444; 
1,98927; 3,90345; 48,4668; 
1,97656; 3,91517; 48,4889; 
1,9639; 3,92685; 48,5105; 
1,95127; 3,93849; 48,5317; 
1,93869; 3,95009; 48,5525; 
1,92615; 3,96164; 48,5729; 
1,91364; 3,97314; 48,5929; 
1,90118; 3,98461; 48,6124; 
1,88876; 3,99602; 48,6316; 
1,87638; 4,0074; 48,6504; 
1,86404; 4,01873; 48,6687; 
1,85174; 4,03002; 48,6867; 
1,83948; 4,04127; 48,7044; 
1,82726; 4,05247; 48,7216; 
1,81508; 4,06363; 48,7385; 
1,80295; 4,07474; 48,755; 
1,79085; 4,08581; 48,7711; 
1,7788; 4,09684; 48,7869; 
1,76678; 4,10783; 48,8024; 
1,75481; 4,11877; 48,8175; 
1,74287; 4,12966; 48,8322; 
1,73098; 4,14052; 48,8466; 
1,71913; 4,15133; 48,8607; 
1,70732; 4,1621; 48,8744; 
1,69555; 4,17282; 48,8878; 
1,68382; 4,1835; 48,9008; 
1,67213; 4,19414; 48,9136; 
1,66048; 4,20473; 48,926; 
1,64888; 4,21528; 48,9381; 
1,63731; 4,22579; 48,9499; 
1,62578; 4,23626; 48,9614; 
1,6143; 4,24668; 48,9726; 
1,60285; 4,25705; 48,9835; 
1,59145; 4,26739; 48,994; 
1,58009; 4,27768; 49,0043; 
1,56876; 4,28793; 49,0143; 
1,55748; 4,29813; 49,024; 
1,54624; 4,3083; 49,0334; 
1,53504; 4,31841; 49,0425; 
1,52388; 4,32849; 49,0514; 
1,51276; 4,33852; 49,06; 
1,50169; 4,34851; 49,0682; 
1,49065; 4,35846; 49,0763; 
1,47965; 4,36836; 49,084; 
1,4687; 4,37822; 49,0915; 
1,45778; 4,38804; 49,0987; 
1,44691; 4,39781; 49,1057; 
1,43607; 4,40754; 49,1124; 
1,42528; 4,41723; 49,1188; 
1,41453; 4,42687; 49,125; 
1,40381; 4,43648; 49,1309; 
1,39314; 4,44603; 49,1366; 
1,38251; 4,45555; 49,1421; 
1,37192; 4,46502; 49,1473; 
1,36138; 4,47445; 49,1522; 
1,35087; 4,48384; 49,1569; 
1,3404; 4,49318; 49,1614; 
1,32997; 4,50248; 49,1657; 
1,31959; 4,51174; 49,1697; 
1,30924; 4,52096; 49,1735; 
1,29894; 4,53013; 49,177; 
1,28867; 4,53926; 49,1804; 
1,27845; 4,54835; 49,1835; 
1,26827; 4,55739; 49,1864; 
1,25813; 4,56639; 49,189; 
1,24803; 4,57535; 49,1915; 
1,23796; 4,58426; 49,1937; 
1,22795; 4,59314; 49,1958; 
1,21797; 4,60197; 49,1976; 
1,20803; 4,61075; 49,1992; 
1,19813; 4,6195; 49,2006; 
1,18827; 4,6282; 49,2018; 
1,17846; 4,63686; 49,2028; 
1,16868; 4,64547; 49,2036; 
1,15895; 4,65405; 49,2042; 
1,14925; 4,66258; 49,2046; 
1,1396; 4,67107; 49,2048; 
1,12999; 4,67951; 49,2048; 
1,12042; 4,68791; 49,2046; 
1,11089; 4,69627; 49,2042; 
1,1014; 4,70459; 49,2037; 
1,09195; 4,71287; 49,2029; 
1,08254; 4,7211; 49,202; 
1,07317; 4,72929; 49,2009; 
1,06384; 4,73743; 49,1996; 
1,05455; 4,74554; 49,1981; 
1,04531; 4,7536; 49,1965; 
1,0361; 4,76162; 49,1947; 
1,02694; 4,7696; 49,1927; 
1,01781; 4,77753; 49,1905; 
1,00873; 4,78542; 49,1881; 
0,999689; 4,79327; 49,1856; 
0,990687; 4,80108; 49,183; 
0,981726; 4,80884; 49,1801; 
0,972806; 4,81656; 49,1771; 
0,963926; 4,82424; 49,1739; 
0,955087; 4,83188; 49,1706; 
0,946289; 4,83947; 49,1671; 
0,937532; 4,84702; 49,1634; 
0,928815; 4,85453; 49,1596; 
0,920139; 4,862; 49,1556; 
0,911503; 4,86943; 49,1515; 
0,902909; 4,87681; 49,1472; 
0,894355; 4,88415; 49,1428; 
0,885842; 4,89144; 49,1382; 
0,877369; 4,8987; 49,1335; 
0,868937; 4,90591; 49,1286; 
0,860546; 4,91308; 49,1236; 
0,852196; 4,92021; 49,1184; 
0,843886; 4,9273; 49,1131; 
0,835617; 4,93434; 49,1077; 
0,827389; 4,94134; 49,1021; 
0,819201; 4,9483; 49,0964; 
0,811055; 4,95522; 49,0905; 
0,802949; 4,96209; 49,0845; 
0,794883; 4,96892; 49,0783; 
0,786858; 4,97571; 49,0721; 
0,778875; 4,98246; 49,0656; 
0,770931; 4,98916; 49,0591; 
0,763029; 4,99583; 49,0524; 
0,755167; 5,00245; 49,0456; 
0,747346; 5,00903; 49,0387; 
0,739565; 5,01556; 49,0316; 
0,731826; 5,02206; 49,0245; 
0,724127; 5,02851; 49,0171; 
0,716468; 5,03492; 49,0097; 
0,708851; 5,04129; 49,0022; 
0,701274; 5,04761; 48,9945; 
0,693738; 5,0539; 48,9867; 
0,686242; 5,06014; 48,9788; 
0,678788; 5,06634; 48,9708; 
0,671374; 5,0725; 48,9626; 
0,664; 5,07861; 48,9544; 
0,656668; 5,08468; 48,946; 
0,649376; 5,09071; 48,9375; 
0,642125; 5,0967; 48,9289; 
0,634914; 5,10265; 48,9202; 
0,627745; 5,10856; 48,9114; 
0,620616; 5,11442; 48,9025; 
0,613527; 5,12024; 48,8934; 
0,60648; 5,12602; 48,8843; 
0,599473; 5,13176; 48,875; 
0,592507; 5,13745; 48,8657; 
0,585581; 5,1431; 48,8563; 
0,578696; 5,14872; 48,8467; 
0,571852; 5,15428; 48,8371; 
0,565049; 5,15981; 48,8273; 
0,558287; 5,1653; 48,8175; 
0,551565; 5,17074; 48,8075; 
0,544883; 5,17614; 48,7975; 
0,538243; 5,1815; 48,7874; 
0,531643; 5,18682; 48,7771; 
0,525084; 5,19209; 48,7668; 
0,518566; 5,19733; 48,7564; 
0,512088; 5,20252; 48,7459; 
0,505651; 5,20767; 48,7353; 
0,499255; 5,21278; 48,7246; 
0,4929; 5,21785; 48,7139; 
0,486585; 5,22287; 48,703; 
0,480311; 5,22785; 48,6921; 
0,474077; 5,23279; 48,6811; 
0,467885; 5,23769; 48,67; 
0,461733; 5,24255; 48,6588; 
0,455622; 5,24737; 48,6475; 
0,449551; 5,25214; 48,6362; 
0,443521; 5,25687; 48,6247; 
0,437532; 5,26156; 48,6133; 
0,431584; 5,26621; 48,6017; 
0,425676; 5,27082; 48,59; 
0,419809; 5,27539; 48,5783; 
0,413983; 5,27991; 48,5665; 
0,408198; 5,28439; 48,5546; 
0,402453; 5,28883; 48,5427; 
0,396749; 5,29323; 48,5307; 
0,391085; 5,29759; 48,5186; 
0,385463; 5,3019; 48,5065; 
0,379881; 5,30618; 48,4942; 
0,374339; 5,31041; 48,482; 
0,368839; 5,3146; 48,4696; 
0,363379; 5,31875; 48,4572; 
0,35796; 5,32285; 48,4447; 
0,352582; 5,32692; 48,4322; 
0,347244; 5,33094; 48,4196; 
0,341947; 5,33493; 48,407; 
0,336691; 5,33887; 48,3943; 
0,331475; 5,34277; 48,3815; 
0,3263; 5,34662; 48,3687; 
0,321166; 5,35044; 48,3558; 
0,316073; 5,35422; 48,3429; 
0,31102; 5,35795; 48,3299; 
0,306008; 5,36164; 48,3169; 
0,301037; 5,36529; 48,3038; 
0,296106; 5,3689; 48,2907; 
0,291216; 5,37247; 48,2775; 
0,286367; 5,37599; 48,2643; 
0,281559; 5,37948; 48,251; 
0,276791; 5,38292; 48,2377; 
0,272064; 5,38632; 48,2244; 
0,267378; 5,38968; 48,211; 
0,262732; 5,393; 48,1976; 
0,258127; 5,39627; 48,1841; 
0,253563; 5,39951; 48,1706; 
0,24904; 5,4027; 48,157; 
0,244557; 5,40586; 48,1434; 
0,240115; 5,40897; 48,1298; 
0,235714; 5,41204; 48,1162; 
0,231353; 5,41507; 48,1025; 
0,227033; 5,41805; 48,0888; 
0,222754; 5,421; 48,075; 
0,218515; 5,4239; 48,0613; 
0,214318; 5,42677; 48,0475; 
0,210161; 5,42959; 48,0336; 
0,206044; 5,43237; 48,0198; 
0,201969; 5,43511; 48,0059; 
0,197934; 5,43781; 47,992; 
0,19394; 5,44046; 47,9781; 
0,189986; 5,44308; 47,9642; 
0,186073; 5,44565; 47,9502; 
0,182201; 5,44819; 47,9363; 
0,17837; 5,45068; 47,9223; 
0,174579; 5,45313; 47,9083; 
0,170829; 5,45554; 47,8943; 
0,16712; 5,4579; 47,8803; 
0,163452; 5,46023; 47,8663; 
0,159824; 5,46252; 47,8522; 
0,156237; 5,46476; 47,8382; 
0,152691; 5,46696; 47,8241; 
0,149185; 5,46913; 47,8101; 
0,14572; 5,47125; 47,796; 
0,142296; 5,47333; 47,782; 
0,138912; 5,47537; 47,7679; 
0,135569; 5,47736; 47,7539; 
0,132267; 5,47932; 47,7398; 
0,129006; 5,48123; 47,7258; 
0,125785; 5,48311; 47,7118; 
0,122605; 5,48494; 47,6977; 
0,119466; 5,48673; 47,6837; 
0,116368; 5,48848; 47,6697; 
0,11331; 5,49019; 47,6557; 
0,110293; 5,49186; 47,6417; 
0,107316; 5,49349; 47,6278; 
0,104381; 5,49507; 47,6138; 
0,101486; 5,49662; 47,5999; 
0,0986314; 5,49812; 47,586; 
0,0958179; 5,49959; 47,5721; 
0,093045; 5,50101; 47,5583; 
0,0903129; 5,50239; 47,5444; 
0,0876215; 5,50373; 47,5306; 
0,0849708; 5,50503; 47,5169; 
0,0823608; 5,50629; 47,5031; 
0,0797916; 5,50751; 47,4894; 
0,077263; 5,50868; 47,4758; 
0,0747752; 5,50982; 47,4621; 
0,072328; 5,51091; 47,4485; 
0,0699216; 5,51196; 47,435; 
0,0675559; 5,51298; 47,4215; 
0,0652309; 5,51395; 47,408; 
0,0629466; 5,51488; 47,3946; 
0,0607031; 5,51577; 47,3812; 
0,0585002; 5,51662; 47,3679; 
0,056338; 5,51743; 47,3547; 
0,0542166; 5,51819; 47,3414; 
0,0521359; 5,51892; 47,3283; 
0,0500959; 5,5196; 47,3152; 
0,0480966; 5,52025; 47,3022; 
0,046138; 5,52085; 47,2892; 
0,0442201; 5,52142; 47,2763; 
0,0423429; 5,52194; 47,2635; 
0,0405065; 5,52242; 47,2507; 
0,0387108; 5,52286; 47,238; 
0,0369557; 5,52326; 47,2254; 
0,0352414; 5,52362; 47,2129; 
0,0335678; 5,52394; 47,2004; 
0,0319349; 5,52421; 47,188; 
0,0303427; 5,52445; 47,1758; 
0,0287913; 5,52464; 47,1636; 
0,0272805; 5,5248; 47,1514; 
0,0258105; 5,52491; 47,1394; 
0,0243811; 5,52499; 47,1275; 
0,0229925; 5,52502; 47,1157; 
0,0216446; 5,52501; 47,1039; 
0,0203374; 5,52496; 47,0923; 
0,0190709; 5,52487; 47,0808; 
0,0178452; 5,52474; 47,0694; 
0,0166601; 5,52457; 47,058; 
0,0155158; 5,52436; 47,0469; 
0,0144121; 5,52411; 47,0358; 
0,0133492; 5,52382; 47,0248; 
0,012327; 5,52348; 47,014; 
0,0113455; 5,52311; 47,0033; 
0,0104047; 5,52269; 46,9927; 
0,00950463; 5,52224; 46,9822; 
0,00864526; 5,52174; 46,9719; 
0,00782661; 5,52121; 46,9617; 
0,00704867; 5,52063; 46,9517; 
0,00631145; 5,52001; 46,9418; 
0,00561493; 5,51935; 46,932; 
0,00495913; 5,51866; 46,9224; 
0,00434404; 5,51792; 46,913; 
0,00376966; 5,51714; 46,9037; 
0,003236; 5,51632; 46,8946; 
0,00274304; 5,51545; 46,8856; 
0,0022908; 5,51455; 46,8768; 
0,00187927; 5,51361; 46,8682; 
0,00150845; 5,51263; 46,8597; 
0,00117835; 5,51161; 46,8514; 
0,000888955; 5,51054; 46,8433; 
0,000640277; 5,50944; 46,8354; 
0,000432313; 5,50829; 46,8277; 
0,000265067; 5,50711; 46,8202; 
0,000138553; 5,50588; 46,8129; 
5,28388e-05; 5,50462; 46,8057; 
9,55118e-06; 5,50331; 46,7988; 
-4,39242e-06; 5,50197; 46,7921; 
-4,39242e-06; 5,50062; 46,7854; 
-4,39242e-06; 5,49927; 46,7787; 
-4,39242e-06; 5,49792; 46,772; 
-4,39242e-06; 5,49657; 46,7653; 
-4,39242e-06; 5,49522; 46,7586; 
-4,39242e-06; 5,49387; 46,7519; 
-4,39242e-06; 5,49252; 46,7453; 
-4,39242e-06; 5,49117; 46,7386; 
-4,39242e-06; 5,48982; 46,7319; 
-4,39242e-06; 5,48848; 46,7252; 
-4,39242e-06; 5,48713; 46,7185; 
-4,39242e-06; 5,48578; 46,7118; 
-4,39242e-06; 5,48443; 46,7051; 
-4,39242e-06; 5,48309; 46,6984; 
-4,39242e-06; 5,48174; 46,6917; 
-4,39242e-06; 5,48039; 46,685; 
-4,39242e-06; 5,47905; 46,6783; 
-4,39242e-06; 5,4777; 46,6716; 
-4,39242e-06; 5,47635; 46,6649; 
-4,39242e-06; 5,47501; 46,6582; 
-4,39242e-06; 5,47366; 46,6515; 
-4,39242e-06; 5,47232; 46,6449; 
-4,39242e-06; 5,47098; 46,6382; 
-4,39242e-06; 5,46963; 46,6315; 
-4,39242e-06; 5,46829; 46,6248; 
-4,39242e-06; 5,46694; 46,6181; 
-4,39242e-06; 5,4656; 46,6114; 
-4,39242e-06; 5,46426; 46,6047; 
-4,39242e-06; 5,46291; 46,598; 
-4,39242e-06; 5,46157; 46,5913; 
-4,39242e-06; 5,46023; 46,5846; 
-4,39242e-06; 5,45889; 46,5779; 
-4,39242e-06; 5,45755; 46,5712; 
-4,39242e-06; 5,4562; 46,5645; 
-4,39242e-06; 5,45486; 46,5578; 
-4,39242e-06; 5,45352; 46,5511; 
-4,39242e-06; 5,45218; 46,5444; 
-4,39242e-06; 5,45084; 46,5377; 
-4,39242e-06; 5,4495; 46,531; 
-4,39242e-06; 5,44816; 46,5242; 
-4,39242e-06; 5,44682; 46,5175; 
-4,39242e-06; 5,44548; 46,5108; 
-4,39242e-06; 5,44415; 46,5041; 
-4,39242e-06; 5,44281; 46,4974; 
-4,39242e-06; 5,44147; 46,4907; 
-4,39242e-06; 5,44013; 46,484; 
-4,39242e-06; 5,43879; 46,4773; 
-4,39242e-06; 5,43746; 46,4706; 
-4,39242e-06; 5,43612; 46,4639; 
-4,39242e-06; 5,43478; 46,4572; 
-4,39242e-06; 5,43345; 46,4505; 
-4,39242e-06; 5,43211; 46,4438; 
-4,39242e-06; 5,43077; 46,4371; 
-4,39242e-06; 5,42944; 46,4304; 
-4,39242e-06; 5,4281; 46,4236; 
-4,39242e-06; 5,42677; 46,4169; 
-4,39242e-06; 5,42543; 46,4102; 
-4,39242e-06; 5,4241; 46,4035; 
-4,39242e-06; 5,42276; 46,3968; 
-4,39242e-06; 5,42143; 46,3901; 
-4,39242e-06; 5,4201; 46,3834; 
-4,39242e-06; 5,41876; 46,3767; 
-4,39242e-06; 5,41743; 46,3699; 
-4,39242e-06; 5,4161; 46,3632; 
-4,39242e-06; 5,41477; 46,3565; 
-4,39242e-06; 5,41343; 46,3498; 
-4,39242e-06; 5,4121; 46,3431; 
-4,39242e-06; 5,41077; 46,3364; 
-4,39242e-06; 5,40944; 46,3297; 
-4,39242e-06; 5,40811; 46,3229; 
-4,39242e-06; 5,40678; 46,3162; 
-4,39242e-06; 5,40545; 46,3095; 
-4,39242e-06; 5,40412; 46,3028; 
-4,39242e-06; 5,40279; 46,2961; 
-4,39242e-06; 5,40146; 46,2894; 
-4,39242e-06; 5,40013; 46,2826; 
-4,39242e-06; 5,3988; 46,2759; 
-4,39242e-06; 5,39747; 46,2692; 
-4,39242e-06; 5,39614; 46,2625; 
-4,39242e-06; 5,39481; 46,2558; 
-4,39242e-06; 5,39349; 46,249; 
-4,39242e-06; 5,39216; 46,2423; 
-4,39242e-06; 5,39083; 46,2356; 
-4,39242e-06; 5,3895; 46,2289; 
-4,39242e-06; 5,38818; 46,2222; 
-4,39242e-06; 5,38685; 46,2154; 
-4,39242e-06; 5,38553; 46,2087; 
-4,39242e-06; 5,3842; 46,202; 
-4,39242e-06; 5,38287; 46,1953; 
-4,39242e-06; 5,38155; 46,1885; 
-4,39242e-06; 5,38022; 46,1818; 
-4,39242e-06; 5,3789; 46,1751; 
-4,39242e-06; 5,37757; 46,1684; 
-4,39242e-06; 5,37625; 46,1616; 
-4,39242e-06; 5,37493; 46,1549; 
-4,39242e-06; 5,3736; 46,1482; 
-4,39242e-06; 5,37228; 46,1415; 
-4,39242e-06; 5,37096; 46,1347; 
-4,39242e-06; 5,36963; 46,128; 
-4,39242e-06; 5,36831; 46,1213; 
-4,39242e-06; 5,36699; 46,1145; 
-4,39242e-06; 5,36567; 46,1078; 
-4,39242e-06; 5,36435; 46,1011; 
-4,39242e-06; 5,36303; 46,0944; 
-4,39242e-06; 5,3617; 46,0876; 
-4,39242e-06; 5,36038; 46,0809; 
-4,39242e-06; 5,35906; 46,0742; 
-4,39242e-06; 5,35774; 46,0674; 
-4,39242e-06; 5,35642; 46,0607; 
-4,39242e-06; 5,3551; 46,054; 
-4,39242e-06; 5,35378; 46,0472; 
-4,39242e-06; 5,35247; 46,0405; 
-4,39242e-06; 5,35115; 46,0338; 
-4,39242e-06; 5,34983; 46,027; 
-4,39242e-06; 5,34851; 46,0203; 
-4,39242e-06; 5,34719; 46,0136; 
-4,39242e-06; 5,34588; 46,0068; 
-4,39242e-06; 5,34456; 46,0001; 
-4,39242e-06; 5,34324; 45,9934; 
-4,39242e-06; 5,34192; 45,9866; 
-4,39242e-06; 5,34061; 45,9799; 
-4,39242e-06; 5,33929; 45,9731; 
-4,39242e-06; 5,33798; 45,9664; 
-4,39242e-06; 5,33666; 45,9597; 
-4,39242e-06; 5,33535; 45,9529; 
-4,39242e-06; 5,33403; 45,9462; 
-4,39242e-06; 5,33272; 45,9394; 
-4,39242e-06; 5,3314; 45,9327; 
-4,39242e-06; 5,33009; 45,926; 
-4,39242e-06; 5,32877; 45,9192; 
-4,39242e-06; 5,32746; 45,9125; 
-4,39242e-06; 5,32615; 45,9057; 
-4,39242e-06; 5,32483; 45,899; 
-4,39242e-06; 5,32352; 45,8923; 
-4,39242e-06; 5,32221; 45,8855; 
-4,39242e-06; 5,3209; 45,8788; 
-4,39242e-06; 5,31958; 45,872; 
-4,39242e-06; 5,31827; 45,8653; 
-4,39242e-06; 5,31696; 45,8585; 
-4,39242e-06; 5,31565; 45,8518; 
-4,39242e-06; 5,31434; 45,8451; 
-4,39242e-06; 5,31303; 45,8383; 
-4,39242e-06; 5,31172; 45,8316; 
-4,39242e-06; 5,31041; 45,8248; 
-4,39242e-06; 5,3091; 45,8181; 
-4,39242e-06; 5,30779; 45,8113; 
-4,39242e-06; 5,30648; 45,8046; 
-4,39242e-06; 5,30517; 45,7978; 
-4,39242e-06; 5,30386; 45,7911; 
-4,39242e-06; 5,30256; 45,7843; 
-4,39242e-06; 5,30125; 45,7776; 
-4,39242e-06; 5,29994; 45,7708; 
-4,39242e-06; 5,29863; 45,7641; 
-4,39242e-06; 5,29733; 45,7573; 
-4,39242e-06; 5,29602; 45,7506; 
-4,39242e-06; 5,29471; 45,7438; 
-4,39242e-06; 5,29341; 45,7371; 
-4,39242e-06; 5,2921; 45,7303; 
-4,39242e-06; 5,2908; 45,7236; 
-4,39242e-06; 5,28949; 45,7168; 
-4,39242e-06; 5,28819; 45,7101; 
-4,39242e-06; 5,28688; 45,7033; 
-4,39242e-06; 5,28558; 45,6966; 
-4,39242e-06; 5,28427; 45,6898; 
-4,39242e-06; 5,28297; 45,6831; 
-4,39242e-06; 5,28167; 45,6763; 
-4,39242e-06; 5,28036; 45,6696; 
-4,39242e-06; 5,27906; 45,6628; 
-4,39242e-06; 5,27776; 45,656; 
-4,39242e-06; 5,27645; 45,6493; 
-4,39242e-06; 5,27515; 45,6425; 
-4,39242e-06; 5,27385; 45,6358; 
-4,39242e-06; 5,27255; 45,629; 
-4,39242e-06; 5,27125; 45,6223; 
-4,39242e-06; 5,26995; 45,6155; 
-4,39242e-06; 5,26865; 45,6087; 
-4,39242e-06; 5,26734; 45,602; 
-4,39242e-06; 5,26604; 45,5952; 
-4,39242e-06; 5,26474; 45,5885; 
-4,39242e-06; 5,26344; 45,5817; 
-4,39242e-06; 5,26215; 45,5749; 
-4,39242e-06; 5,26085; 45,5682; 
-4,39242e-06; 5,25955; 45,5614; 
-4,39242e-06; 5,25825; 45,5547; 
-4,39242e-06; 5,25695; 45,5479; 
-4,39242e-06; 5,25565; 45,5411; 
-4,39242e-06; 5,25436; 45,5344; 
-4,39242e-06; 5,25306; 45,5276; 
-4,39242e-06; 5,25176; 45,5209; 
-4,39242e-06; 5,25046; 45,5141; 
-4,39242e-06; 5,24917; 45,5073; 
-4,39242e-06; 5,24787; 45,5006; 
-4,39242e-06; 5,24658; 45,4938; 
-4,39242e-06; 5,24528; 45,487; 
-4,39242e-06; 5,24398; 45,4803; 
-4,39242e-06; 5,24269; 45,4735; 
-4,39242e-06; 5,2414; 45,4667; 
-4,39242e-06; 5,2401; 45,46; 
-4,39242e-06; 5,23881; 45,4532; 
-4,39242e-06; 5,23751; 45,4464; 
-4,39242e-06; 5,23622; 45,4397; 
-4,39242e-06; 5,23493; 45,4329; 
-4,39242e-06; 5,23363; 45,4261; 
-4,39242e-06; 5,23234; 45,4194; 
-4,39242e-06; 5,23105; 45,4126; 
-4,39242e-06; 5,22975; 45,4058; 
-4,39242e-06; 5,22846; 45,399; 
-4,39242e-06; 5,22717; 45,3923; 
-4,39242e-06; 5,22588; 45,3855; 
-4,39242e-06; 5,22459; 45,3787; 
-4,39242e-06; 5,2233; 45,372; 
-4,39242e-06; 5,22201; 45,3652; 
-4,39242e-06; 5,22072; 45,3584; 
-4,39242e-06; 5,21943; 45,3516; 
-4,39242e-06; 5,21814; 45,3449; 
-4,39242e-06; 5,21685; 45,3381; 
-4,39242e-06; 5,21556; 45,3313; 
-4,39242e-06; 5,21427; 45,3245; 
-4,39242e-06; 5,21298; 45,3178; 
-4,39242e-06; 5,21169; 45,311; 
-4,39242e-06; 5,21041; 45,3042; 
-4,39242e-06; 5,20912; 45,2974; 
-4,39242e-06; 5,20783; 45,2907; 
-4,39242e-06; 5,20654; 45,2839; 
-4,39242e-06; 5,20526; 45,2771; 
-4,39242e-06; 5,20397; 45,2703; 
-4,39242e-06; 5,20268; 45,2636; 
-4,39242e-06; 5,2014; 45,2568; 
-4,39242e-06; 5,20011; 45,25; 
-4,39242e-06; 5,19883; 45,2432; 
-4,39242e-06; 5,19754; 45,2364; 
-4,39242e-06; 5,19626; 45,2297; 
-4,39242e-06; 5,19497; 45,2229; 
-4,39242e-06; 5,19369; 45,2161; 
-4,39242e-06; 5,1924; 45,2093; 
-4,39242e-06; 5,19112; 45,2025; 
-4,39242e-06; 5,18984; 45,1958; 
-4,39242e-06; 5,18855; 45,189; 
-4,39242e-06; 5,18727; 45,1822; 
-4,39242e-06; 5,18599; 45,1754; 
-4,39242e-06; 5,18471; 45,1686; 
-4,39242e-06; 5,18342; 45,1618; 
-4,39242e-06; 5,18214; 45,1551; 
-4,39242e-06; 5,18086; 45,1483; 
-4,39242e-06; 5,17958; 45,1415; 
-4,39242e-06; 5,1783; 45,1347; 
-4,39242e-06; 5,17702; 45,1279; 
-4,39242e-06; 5,17574; 45,1211; 
-4,39242e-06; 5,17446; 45,1144; 
-4,39242e-06; 5,17318; 45,1076; 
-4,39242e-06; 5,1719; 45,1008; 
-4,39242e-06; 5,17062; 45,094; 
-4,39242e-06; 5,16934; 45,0872; 
-4,39242e-06; 5,16806; 45,0804; 
-4,39242e-06; 5,16678; 45,0736; 
-4,39242e-06; 5,1655; 45,0668; 
-4,39242e-06; 5,16423; 45,0601; 
-4,39242e-06; 5,16295; 45,0533; 
-4,39242e-06; 5,16167; 45,0465; 
-4,39242e-06; 5,16039; 45,0397; 
-4,39242e-06; 5,15912; 45,0329; 
-4,39242e-06; 5,15784; 45,0261; 
-4,39242e-06; 5,15657; 45,0193; 
-4,39242e-06; 5,15529; 45,0125; 
-4,39242e-06; 5,15401; 45,0057; 
-4,39242e-06; 5,15274; 44,9989; 
-4,39242e-06; 5,15146; 44,9921; 
-4,39242e-06; 5,15019; 44,9854; 
-4,39242e-06; 5,14891; 44,9786; 
-4,39242e-06; 5,14764; 44,9718; 
-4,39242e-06; 5,14637; 44,965; 
-4,39242e-06; 5,14509; 44,9582; 
-4,39242e-06; 5,14382; 44,9514; 
-4,39242e-06; 5,14255; 44,9446; 
-4,39242e-06; 5,14127; 44,9378; 
-4,39242e-06; 5,14; 44,931; 
-4,39242e-06; 5,13873; 44,9242; 
-4,39242e-06; 5,13746; 44,9174; 
-4,39242e-06; 5,13619; 44,9106; 
-4,39242e-06; 5,13491; 44,9038; 
-4,39242e-06; 5,13364; 44,897; 
-4,39242e-06; 5,13237; 44,8902; 
-4,39242e-06; 5,1311; 44,8834; 
-4,39242e-06; 5,12983; 44,8766; 
-4,39242e-06; 5,12856; 44,8698; 
-4,39242e-06; 5,12729; 44,863; 
-4,39242e-06; 5,12602; 44,8562; 
-4,39242e-06; 5,12475; 44,8494; 
-4,39242e-06; 5,12348; 44,8426; 
-4,39242e-06; 5,12222; 44,8358; 
-4,39242e-06; 5,12095; 44,829; 
-4,39242e-06; 5,11968; 44,8222; 
-4,39242e-06; 5,11841; 44,8154; 
-4,39242e-06; 5,11714; 44,8086; 
-4,39242e-06; 5,11588; 44,8018; 
-4,39242e-06; 5,11461; 44,795; 
-4,39242e-06; 5,11334; 44,7882; 
-4,39242e-06; 5,11208; 44,7814; 
-4,39242e-06; 5,11081; 44,7746; 
-4,39242e-06; 5,10955; 44,7678; 
-4,39242e-06; 5,10828; 44,761; 
-4,39242e-06; 5,10702; 44,7542; 
-4,39242e-06; 5,10575; 44,7474; 
-4,39242e-06; 5,10449; 44,7406; 
-4,39242e-06; 5,10322; 44,7338; 
-4,39242e-06; 5,10196; 44,727; 
-4,39242e-06; 5,10069; 44,7202; 
-4,39242e-06; 5,09943; 44,7133; 
-4,39242e-06; 5,09817; 44,7065; 
-4,39242e-06; 5,0969; 44,6997; 
-4,39242e-06; 5,09564; 44,6929; 
-4,39242e-06; 5,09438; 44,6861; 
-4,39242e-06; 5,09312; 44,6793; 
-4,39242e-06; 5,09186; 44,6725; 
-4,39242e-06; 5,09059; 44,6657; 
-4,39242e-06; 5,08933; 44,6589; 
-4,39242e-06; 5,08807; 44,6521; 
-4,39242e-06; 5,08681; 44,6453; 
-4,39242e-06; 5,08555; 44,6384; 
-4,39242e-06; 5,08429; 44,6316; 
-4,39242e-06; 5,08303; 44,6248; 
-4,39242e-06; 5,08177; 44,618; 
-4,39242e-06; 5,08051; 44,6112; 
-4,39242e-06; 5,07925; 44,6044; 
-4,39242e-06; 5,07799; 44,5976; 
-4,39242e-06; 5,07674; 44,5908; 
-4,39242e-06; 5,07548; 44,5839; 
-4,39242e-06; 5,07422; 44,5771; 
-4,39242e-06; 5,07296; 44,5703; 
-4,39242e-06; 5,0717; 44,5635; 
-4,39242e-06; 5,07045; 44,5567; 
-4,39242e-06; 5,06919; 44,5499; 
-4,39242e-06; 5,06793; 44,5431; 
-4,39242e-06; 5,06668; 44,5362; 
-4,39242e-06; 5,06542; 44,5294; 
-4,39242e-06; 5,06417; 44,5226; 
-4,39242e-06; 5,06291; 44,5158; 
-4,39242e-06; 5,06166; 44,509; 
-4,39242e-06; 5,0604; 44,5022; 
-4,39242e-06; 5,05915; 44,4953; 
-4,39242e-06; 5,05789; 44,4885; 
-4,39242e-06; 5,05664; 44,4817; 
-4,39242e-06; 5,05538; 44,4749; 
-4,39242e-06; 5,05413; 44,4681; 
-4,39242e-06; 5,05288; 44,4612; 
-4,39242e-06; 5,05163; 44,4544; 
-4,39242e-06; 5,05037; 44,4476; 
-4,39242e-06; 5,04912; 44,4408; 
-4,39242e-06; 5,04787; 44,434; 
-4,39242e-06; 5,04662; 44,4271; 
-4,39242e-06; 5,04537; 44,4203; 
-4,39242e-06; 5,04411; 44,4135; 
-4,39242e-06; 5,04286; 44,4067; 
-4,39242e-06; 5,04161; 44,3998; 
-4,39242e-06; 5,04036; 44,393; 
-4,39242e-06; 5,03911; 44,3862; 
-4,39242e-06; 5,03786; 44,3794; 
-4,39242e-06; 5,03661; 44,3725; 
-4,39242e-06; 5,03536; 44,3657; 
-4,39242e-06; 5,03411; 44,3589; 
-4,39242e-06; 5,03287; 44,3521; 
-4,39242e-06; 5,03162; 44,3452; 
-4,39242e-06; 5,03037; 44,3384; 
-4,39242e-06; 5,02912; 44,3316; 
-4,39242e-06; 5,02787; 44,3248; 
-4,39242e-06; 5,02663; 44,3179; 
-4,39242e-06; 5,02538; 44,3111; 
-4,39242e-06; 5,02413; 44,3043; 
-4,39242e-06; 5,02289; 44,2975; 
-4,39242e-06; 5,02164; 44,2906; 
-4,39242e-06; 5,02039; 44,2838; 
-4,39242e-06; 5,01915; 44,277; 
-4,39242e-06; 5,0179; 44,2701; 
-4,39242e-06; 5,01666; 44,2633; 
-4,39242e-06; 5,01541; 44,2565; 
-4,39242e-06; 5,01417; 44,2497; 
-4,39242e-06; 5,01293; 44,2428; 
-4,39242e-06; 5,01168; 44,236; 
-4,39242e-06; 5,01044; 44,2292; 
-4,39242e-06; 5,00919; 44,2223; 
-4,39242e-06; 5,00795; 44,2155; 
-4,39242e-06; 5,00671; 44,2087; 
-4,39242e-06; 5,00547; 44,2018; 
-4,39242e-06; 5,00422; 44,195; 
-4,39242e-06; 5,00298; 44,1882; 
-4,39242e-06; 5,00174; 44,1813; 
-4,39242e-06; 5,0005; 44,1745; 
-4,39242e-06; 4,99926; 44,1677; 
-4,39242e-06; 4,99802; 44,1608; 
-4,39242e-06; 4,99678; 44,154; 
-4,39242e-06; 4,99554; 44,1472; 
-4,39242e-06; 4,9943; 44,1403; 
-4,39242e-06; 4,99306; 44,1335; 
-4,39242e-06; 4,99182; 44,1266; 
-4,39242e-06; 4,99058; 44,1198; 
-4,39242e-06; 4,98934; 44,113; 
-4,39242e-06; 4,9881; 44,1061; 
-4,39242e-06; 4,98686; 44,0993; 
-4,39242e-06; 4,98562; 44,0925; 
-4,39242e-06; 4,98439; 44,0856; 
-4,39242e-06; 4,98315; 44,0788; 
-4,39242e-06; 4,98191; 44,0719; 
-4,39242e-06; 4,98067; 44,0651; 
-4,39242e-06; 4,97944; 44,0583; 
-4,39242e-06; 4,9782; 44,0514; 
-4,39242e-06; 4,97696; 44,0446; 
-4,39242e-06; 4,97573; 44,0377; 
-4,39242e-06; 4,97449; 44,0309; 
-4,39242e-06; 4,97326; 44,0241; 
-4,39242e-06; 4,97202; 44,0172; 
-4,39242e-06; 4,97079; 44,0104; 
-4,39242e-06; 4,96955; 44,0035; 
-4,39242e-06; 4,96832; 43,9967; 
-4,39242e-06; 4,96709; 43,9899; 
-4,39242e-06; 4,96585; 43,983; 
-4,39242e-06; 4,96462; 43,9762; 
-4,39242e-06; 4,96339; 43,9693; 
-4,39242e-06; 4,96215; 43,9625; 
-4,39242e-06; 4,96092; 43,9556; 
-4,39242e-06; 4,95969; 43,9488; 
-4,39242e-06; 4,95846; 43,9419; 
-4,39242e-06; 4,95722; 43,9351; 
-4,39242e-06; 4,95599; 43,9283; 
-4,39242e-06; 4,95476; 43,9214; 
-4,39242e-06; 4,95353; 43,9146; 
-4,39242e-06; 4,9523; 43,9077; 
-4,39242e-06; 4,95107; 43,9009; 
-4,39242e-06; 4,94984; 43,894; 
-4,39242e-06; 4,94861; 43,8872; 
-4,39242e-06; 4,94738; 43,8803; 
-4,39242e-06; 4,94615; 43,8735; 
-4,39242e-06; 4,94492; 43,8666; 
-4,39242e-06; 4,94369; 43,8598; 
-4,39242e-06; 4,94247; 43,8529; 
-4,39242e-06; 4,94124; 43,8461; 
-4,39242e-06; 4,94001; 43,8392; 
-4,39242e-06; 4,93878; 43,8324; 
-4,39242e-06; 4,93755; 43,8255; 
-4,39242e-06; 4,93633; 43,8187; 
-4,39242e-06; 4,9351; 43,8118; 
-4,39242e-06; 4,93387; 43,805; 
-4,39242e-06; 4,93265; 43,7981; 
-4,39242e-06; 4,93142; 43,7913; 
-4,39242e-06; 4,9302; 43,7844; 
-4,39242e-06; 4,92897; 43,7776; 
-4,39242e-06; 4,92775; 43,7707; 
-4,39242e-06; 4,92652; 43,7639; 
-4,39242e-06; 4,9253; 43,757; 
-4,39242e-06; 4,92407; 43,7502; 
-4,39242e-06; 4,92285; 43,7433; 
-4,39242e-06; 4,92162; 43,7364; 
-4,39242e-06; 4,9204; 43,7296; 
-4,39242e-06; 4,91918; 43,7227; 
-4,39242e-06; 4,91796; 43,7159; 
-4,39242e-06; 4,91673; 43,709; 
-4,39242e-06; 4,91551; 43,7022; 
-4,39242e-06; 4,91429; 43,6953; 
-4,39242e-06; 4,91307; 43,6885; 
-4,39242e-06; 4,91185; 43,6816; 
-4,39242e-06; 4,91062; 43,6747; 
-4,39242e-06; 4,9094; 43,6679; 
-4,39242e-06; 4,90818; 43,661; 
-4,39242e-06; 4,90696; 43,6542; 
-4,39242e-06; 4,90574; 43,6473; 
-4,39242e-06; 4,90452; 43,6404; 
-4,39242e-06; 4,9033; 43,6336; 
-4,39242e-06; 4,90208; 43,6267; 
-4,39242e-06; 4,90086; 43,6199; 
-4,39242e-06; 4,89965; 43,613; 
-4,39242e-06; 4,89843; 43,6061; 
-4,39242e-06; 4,89721; 43,5993; 
-4,39242e-06; 4,89599; 43,5924; 
-4,39242e-06; 4,89477; 43,5856; 
-4,39242e-06; 4,89356; 43,5787; 
-4,39242e-06; 4,89234; 43,5718; 
-4,39242e-06; 4,89112; 43,565; 
-4,39242e-06; 4,88991; 43,5581; 
-4,39242e-06; 4,88869; 43,5513; 
-4,39242e-06; 4,88747; 43,5444; 
-4,39242e-06; 4,88626; 43,5375; 
-4,39242e-06; 4,88504; 43,5307; 
-4,39242e-06; 4,88383; 43,5238; 
-4,39242e-06; 4,88261; 43,5169; 
-4,39242e-06; 4,8814; 43,5101; 
-4,39242e-06; 4,88018; 43,5032; 
-4,39242e-06; 4,87897; 43,4963; 
-4,39242e-06; 4,87776; 43,4895; 
-4,39242e-06; 4,87654; 43,4826; 
-4,39242e-06; 4,87533; 43,4757; 
-4,39242e-06; 4,87412; 43,4689; 
-4,39242e-06; 4,8729; 43,462; 
-4,39242e-06; 4,87169; 43,4551; 
-4,39242e-06; 4,87048; 43,4483; 
-4,39242e-06; 4,86927; 43,4414; 
-4,39242e-06; 4,86806; 43,4345; 
-4,39242e-06; 4,86685; 43,4277; 
-4,39242e-06; 4,86563; 43,4208; 
-4,39242e-06; 4,86442; 43,4139; 
-4,39242e-06; 4,86321; 43,4071; 
-4,39242e-06; 4,862; 43,4002; 
-4,39242e-06; 4,86079; 43,3933; 
-4,39242e-06; 4,85958; 43,3865; 
-4,39242e-06; 4,85837; 43,3796; 
-4,39242e-06; 4,85717; 43,3727; 