100
99.9995
99.9981
99.9958
99.9926
99.9884
99.9833
99.9773
99.9703
99.9625
99.9537
99.9439
99.9333
99.9217
99.9092
99.8958
99.8814
99.8661
99.8499
99.8328
99.8148
99.7958
99.7759
99.7551
99.7334
99.7107
99.6872
99.6627
99.6373
99.611
99.5838
99.5556
99.5266
99.4966
99.4658
99.434
99.4013
99.3677
99.3332
99.2978
99.2614
99.2242
99.1861
99.1471
99.1072
99.0664
99.0246
98.982
98.9385
98.8941
98.8489
98.8027
98.7556
98.7077
98.6588
98.6091
98.5585
98.507
98.4547
98.4014
98.3473
98.2923
98.2365
98.1798
98.1222
98.0637
98.0044
97.9442
97.8832
97.8213
97.7585
97.6949
97.6304
97.5651
97.4989
97.4319
97.364
97.2953
97.2258
97.1554
97.0842
97.0121
96.9393
96.8656
96.791
96.7156
96.6395
96.5625
96.4846
96.406
96.3265
96.2463
96.1652
96.0833
96.0006
95.9171
95.8328
95.7477
95.6619
95.5752
95.4877
95.3995
95.3105
95.2206
95.13
95.0387
94.9465
94.8536
94.7599
94.6655
94.5703
94.4743
94.3775
94.2801
94.1818
94.0828
93.9831
93.8826
93.7813
93.6794
93.5767
93.4732
93.369
93.2641
93.1585
93.0522
92.9451
92.8373
92.7288
92.6195
92.5096
92.399
92.2876
92.1756
92.0628
91.9494
91.8353
91.7204
91.6049
91.4887
91.3719
91.2543
91.1361
91.0172
90.8976
90.7773
90.6564
90.5349
90.4126
90.2897
90.1662
90.042
89.9171
89.7917
89.6655
89.5388
89.4114
89.2833
89.1546
89.0253
88.8954
88.7649
88.6337
88.5019
88.3695
88.2365
88.1029
87.9687
87.8338
87.6984
87.5624
87.4258
87.2885
87.1507
87.0123
86.8734
86.7338
86.5937
86.453
86.3117
86.1699
86.0274
85.8845
85.7409
85.5968
85.4522
85.3069
85.1612
85.0149
84.868
84.7206
84.5727
84.4242
84.2752
84.1257
83.9756
83.825
83.6739
83.5222
83.3701
83.2174
83.0642
82.9105
82.7563
82.6016
82.4463
82.2906
82.1344
81.9777
81.8205
81.6628
81.5046
81.3459
81.1868
81.0271
80.867
80.7064
80.5454
80.3838
80.2218
80.0594
79.8964
79.733
79.5692
79.4049
79.2401
79.0749
78.9093
78.7432
78.5766
78.4096
78.2422
78.0743
77.906
77.7373
77.5681
77.3985
77.2285
77.0581
76.8872
76.7159
76.5442
76.3721
76.1996
76.0267
75.8533
75.6796
75.5054
75.3309
75.1559
74.9806
74.8049
74.6287
74.4522
74.2753
74.098
73.9203
73.7422
73.5638
73.385
73.2058
73.0262
72.8463
72.666
72.4853
72.3042
72.1228
71.941
71.7589
71.5764
71.3936
71.2104
71.0268
70.8429
70.6587
70.4741
70.2891
70.1039
69.9182
69.7323
69.546
69.3593
69.1724
68.9851
68.7974
68.6095
68.4212
68.2326
68.0437
67.8544
67.6649
67.475
67.2848
67.0942
66.9034
66.7123
66.5208
66.3291
66.137
65.9447
65.752
65.559
65.3658
65.1722
64.9783
64.7842
64.5898
64.395
64.2
64.0047
63.8091
63.6132
63.417
63.2206
63.0239
62.8269
62.6296
62.432
62.2342
62.0361
61.8377
61.6391
61.4402
61.241
61.0416
60.8419
60.6419
60.4417
60.2412
60.0404
59.8394
59.6382
59.4367
59.2349
59.0329
58.8306
58.6281
58.4253
58.2223
58.0191
57.8156
57.6118
57.4079
57.2037
56.9992
56.7945
56.5896
56.3844
56.179
55.9734
55.7676
55.5615
55.3552
55.1486
54.9418
54.7349
54.5276
54.3202
54.1126
53.9047
53.6966
53.4883
53.2797
53.071
52.862
52.6529
52.4435
52.2339
52.0241
51.8141
51.6039
51.3934
51.1828
50.972
50.761
50.5497
50.3383
50.1266
49.9148
49.7028
49.4905
49.2781
49.0655
48.8527
48.6397
48.4265
48.2131
47.9995
47.7857
47.5718
47.3576
47.1433
46.9288
46.7141
46.4992
46.2841
46.0689
45.8535
45.6379
45.4221
45.2061
44.99
44.7737
44.5572
44.3405
44.1237
43.9067
43.6895
43.4722
43.2546
43.037
42.8191
42.6011
42.3829
42.1646
41.9461
41.7274
41.5085
41.2895
41.0704
40.8511
40.6316
40.4119
40.1921
39.9722
39.7521
39.5318
39.3114
39.0908
38.8701
38.6492
38.4282
38.207
37.9857
37.7642
37.5426
37.3208
37.0989
36.8768
36.6546
36.4322
36.2097
35.9871
35.7643
35.5414
35.3183
35.0951
34.8717
34.6482
34.4246
34.2008
33.9769
33.7529
33.5287
33.3044
33.08
32.8554
32.6307
32.4058
32.1809
31.9557
31.7305
31.5051
31.2796
31.054
30.8283
30.6024
30.3764
30.1503
29.924
29.6976
29.4711
29.2445
29.0177
28.7909
28.5639
28.3368
28.1095
27.8822
27.6547
27.4271
27.1994
26.9716
26.7436
26.5156
26.2874
26.0591
25.8307
25.6022
25.3735
25.1448
24.9159
24.687
24.4579
24.2287
23.9994
23.77
23.5405
23.3108
23.0811
22.8512
22.6213
22.3912
22.1611
21.9308
21.7004
21.4699
21.2394
21.0087
20.7779
20.547
20.316
20.0849
19.8537
19.6224
19.391
19.1595
18.9279
18.6962
18.4645
18.2326
18.0006
17.7685
17.5363
17.3041
17.0717
16.8392
16.6067
16.374
16.1413
15.9085
15.6755
15.4425
15.2094
14.9762
14.7429
14.5095
14.276
14.0425
13.8088
13.5751
13.3413
13.1074
12.8734
12.6393
12.4051
12.1708
11.9365
11.7021
11.4676
11.233
10.9983
10.7635
10.5287
10.2937
10.0587
9.82364
9.58847
9.35321
9.11788
8.88246
8.64697
8.41139
8.17574
7.94001
7.7042
7.46831
7.23235
6.99631
6.76019
6.52399
6.28772
6.05138
5.81496
5.57846
5.34189
5.10525
4.86853
4.63174
4.39488
4.15794
3.92093
3.68385
3.4467
3.20948
2.97219
2.73482
2.49739
2.25989
2.02231
1.78467
1.54696
1.30918
1.07134
0.833421
0.595439
0.35739
0.119274
-0.118908
-0.357156
-0.59547
-0.833849
-1.07229
-1.3108
-1.54938
-1.78801
-2.02671
-2.26548
-2.50431
-2.7432
-2.98215
-3.22117
-3.46024
-3.69938
-3.93858
-4.17784
-4.41717
-4.65655
-4.89599
-5.13549
-5.37505
-5.61467
-5.85435
-6.09409
-6.33389
-6.57374
-6.81366
-7.05363
-7.29365
-7.53374
-7.77388
-8.01407
-8.25433
-8.49463
-8.735
-8.97542
-9.21589
-9.45642
-9.697
-9.93764
-10.1783
-10.4191
-10.6599
-10.9007
-11.1416
-11.3826
-11.6236
-11.8647
-12.1058
-12.3469
-12.5881
-12.8294
-13.0707
-13.3121
-13.5535
-13.795
-14.0365
-14.2781
-14.5197
-14.7613
-15.003
-15.2448
-15.4866
-15.7285
-15.9704
-16.2123
-16.4543
-16.6964
-16.9385
-17.1806
-17.4228
-17.665
-17.9073
-18.1496
-18.392
-18.6344
-18.8769
-19.1194
-19.3619
-19.6045
-19.8471
-20.0898
-20.3325
-20.5753
-20.8181
-21.061
-21.3039
-21.5468
-21.7898
-22.0328
-22.2759
-22.519
-22.7621
-23.0053
-23.2485
-23.4918
-23.7351
-23.9785
-24.2218
-24.4653
-24.7087
