511,483 37,8814 200,01 49,9616 3,05851 0,0421258 309
509,936 25,2403 200,01 49,9616 3,05851 0,0421259 103
293,426 18,3074 200,004 49,9616 3,05841 0,0421219 101
527,906 47,0478 200,016 49,9616 3,0586 0,0421298 103
639,57 24,3547 200,014 48,8324 2,92187 0,0461625 103
737,406 48,2178 200,026 46,9578 2,70201 0,053997 101
877,424 16,0887 200,026 45,4559 2,53194 0,0614949 101
287,533 11,8607 200,003 44,2499 2,39909 0,068454 101
861,303 10,9059 200,022 43,1975 2,28655 0,0753949 101
397,211 21,9032 200,006 42,2511 2,18728 0,0823601 103
767,03 27,1372 200,026 41,4471 2,10504 0,0889659 101
292,756 14,709 200,004 40,7199 2,03159 0,0954609 101
304,483 35,3694 200,005 40,0694 1,96722 0,101814 107
977,26 43,1383 200,026 39,4664 1,90866 0,108215 101
642,767 15,5071 200,018 38,8928 1,8535 0,114728 101
689,584 37,1556 200,016 38,3665 1,80366 0,12115 103
918,928 40,1682 200,026 37,8878 1,75902 0,12741 101
306,495 26,375 200,003 37,4383 1,71733 0,133593 105
858,536 43,4156 200,026 37,0363 1,68084 0,139537 101
900,091 42,6707 200,026 36,5869 1,6403 0,146521 101
298,621 25,3347 200,005 36,2142 1,60688 0,152597 103
420,796 24,5483 200,01 35,8596 1,57561 0,158735 103
417,243 18,4007 200,011 35,487 1,54303 0,165509 101
536,271 45,4875 200,016 35,1617 1,51492 0,171732 101
450,848 23,7668 200,011 34,8365 1,48699 0,178223 103
316,941 20,4765 200,004 34,5113 1,45931 0,185017 103
222,536 14,523 200,001 34,2335 1,43589 0,191086 101
795,865 13,3771 200,023 33,9083 1,40889 0,198588 101
586,42 11,9584 200,014 33,6598 1,38825 0,204489 101
945,516 45,8738 200,026 33,3821 1,36552 0,211421 101
507,951 41,487 200,013 33,1043 1,3428 0,218561 103
671,504 33,1133 200,016 32,8558 1,32274 0,22526 103
768,097 13,4764 200,022 32,6074 1,30285 0,232225 101
864,047 34,2225 200,026 32,3296 1,28078 0,240325 101
714,194 43,7686 200,016 32,1286 1,26483 0,246357 103
921,196 30,9695 200,026 31,8802 1,24541 0,254166 101
688,632 24,4351 200,016 31,6498 1,22742 0,261606 103
603,416 39,6214 200,016 31,4014 1,20823 0,269985 103
402,664 49,9965 200,007 31,2004 1,19275 0,276969 101
692,086 30,1159 200,016 30,9519 1,17389 0,286011 103
968,056 49,3638 200,026 30,7509 1,15875 0,293606 101
935,87 19,2544 200,026 30,5499 1,14365 0,301411 101
532,601 45,946 200,014 30,3489 1,12858 0,309417 101
882,389 34,1339 200,026 30,1479 1,11375 0,317812 101
616,941 11,5238 200,015 29,9469 1,09888 0,326374 101
608,092 18,1847 200,014 29,7278 1,08286 0,3361 103
903,108 41,8809 200,026 29,5268 1,06833 0,345409 101
717,538 34,6452 200,016 29,3258 1,05378 0,354923 103
903,108 14,754 200,026 29,1248 1,03944 0,364878 101
477,284 35,367 200,01 28,9238 1,02506 0,375035 105
785,228 45,8374 200,024 28,7703 1,01427 0,383186 101
508,8 11,2196 200,011 28,5693 1,00008 0,394006 101
381,422 32,9028 200,006 28,3502 0,984779 0,406301 107
263,565 13,575 200,003 28,1966 0,974123 0,415201 101
838,687 34,834 200,026 27,9956 0,960399 0,427407 101
306,937 37,6202 200,005 27,7946 0,946556 0,439763 103
607,59 28,4744 200,016 27,6229 0,934952 0,450875 103
761,082 49,2334 200,019 27,4219 0,921408 0,46426 101
810,066 19,2434 200,026 27,2209 0,907983 0,478177 101
679,652 37,0782 200,016 27,0674 0,897723 0,489047 103
290,42 21,6858 200,004 26,8664 0,884384 0,503751 105
876,411 14,0225 200,026 26,6947 0,873217 0,517012 101
975,352 41,4613 200,026 26,4937 0,860116 0,532881 101
285,971 21,5735 200,004 26,2927 0,847019 0,549177 105
800,384 11,9383 200,023 26,121 0,836073 0,563916 101
746,206 25,0203 200,026 25,92 0,823271 0,581646 101
907,689 48,2904 200,025 25,719 0,810547 0,600032 101
445,511 28,7319 200,01 25,5655 0,800837 0,614439 105
602,948 13,4065 200,017 25,3645 0,788322 0,634215 101
838,187 16,0571 200,026 25,1635 0,775913 0,654814 101
296,232 24,9803 200,004 24,9625 0,763481 0,675932 109
212,756 25,6982 200,001 24,7434 0,750124 0,700162 113
497,018 42,9943 200,014 24,5424 0,738034 0,723522 101
609,548 26,8659 200,016 24,3414 0,726005 0,747749 103
568,23 38,6351 200,013 24,1404 0,714054 0,772932 103
475,446 38,1185 200,01 23,9394 0,702202 0,799183 103
278,307 40,434 200,003 23,7384 0,690432 0,826499 103
903,67 10,144 200,024 23,4899 0,676127 0,862297 101
696,756 44,0339 200,021 23,2889 0,664597 0,892421 101
896,913 34,2304 200,026 23,0586 0,651534 0,92869 101
345,294 19,9228 200,005 22,8101 0,637501 0,969505 107
524,006 10,1291 200,011 22,5617 0,623707 1,01301 101
272,726 15,5658 200,003 22,3132 0,610022 1,05876 103
320,508 42,1978 200,006 22,0829 0,597501 1,10367 101
246,275 25,2956 200,002 21,787 0,581585 1,1648 109
855,448 46,4135 200,025 21,5092 0,566915 1,22656 101
934,248 31,3656 200,026 21,2315 0,552372 1,29206 101
431,305 19,8111 200,01 20,9356 0,537038 1,36633 105
637,403 12,0945 200,018 20,6103 0,520503 1,45481 101
862,102 18,7536 200,026 20,2851 0,504227 1,55057 101
588,562 13,3038 200,019 19,9306 0,486738 1,6637 101
313,197 10,962 200,004 19,5579 0,46867 1,79378 101
247,78 48,3755 200,002 19,1266 0,44822 1,96107 101
854,103 45,2021 200,026 18,9549 0,440263 2,03381 101
767,078 28,9192 200 23,1846 0,658589 0,9083 200
574,303 19,751 200,016 18,9549 0,440243 2,03353 103
783,165 45,6869 200,022 18,9549 0,440256 2,03371 101
376,143 28,7595 200,007 18,9549 0,440222 2,03325 105
748,37 49,0839 200,019 18,9549 0,440248 2,0336 101
998,971 14,4116 200,026 18,9549 0,440265 2,03384 101
499,156 44,6165 200,012 18,9549 0,440233 2,0334 101
