0
0,313356
0,581903
0,80892
0,997666
1,15135
1,27309
1,36593
1,43279
1,47645
1,49956
1,50463
1,494
1,46987
1,43427
1,38909
1,33606
1,27674
1,21256
1,14481
1,07465
1,00309
0,931036
0,85927
0,788471
0,719218
0,651996
0,587206
0,525172
0,466147
0,410319
0,35782
0,308732
0,263091
0,220894
0,182105
0,146658
0,114461
0,0854037
0,059359
0,036186
0,0157341
-0,00215456
-0,0176423
-0,0308938
-0,0420743
-0,0513476
-0,0588748
-0,0648131
-0,0693144
-0,072525
-0,0745845
-0,0756255
-0,075773
-0,0751444
-0,0738492
-0,0719891
-0,0696577
-0,0669409
-0,0639173
-0,0606577
-0,0572261
-0,0536796
-0,050069
-0,0464388
-0,0428278
-0,0392696
-0,0357926
-0,0324207
-0,0291737
-0,0260674
-0,0231139
-0,0203226
-0,0176997
-0,0152489
-0,0129719
-0,0108683
-0,00893594
-0,00717142
-0,00557001
-0,004126
-0,00283287
-0,00168346
-0,000670135
0,000215099
0,000980438
0,00163419
0,00218467
0,00264012
0,00300863
0,00329809
0,00351612
0,00367004
0,00376686
0,00381319
0,00381529
0,00377902
0,00370985
0,00361284
0,00349267
0,00335361
0,00319957
0,00303407
0,0028603
0,00268109
0,00249895
0,00231609
0,00213442
0,00195562
0,00178107
0,00161196
0,00144925
0,00129371
0,00114595
0,0010064
0,000875365
0,000753021
0,000639432
0,000534568
0,000438316
0,00035049
0,000270848
0,000199095
0,000134898
7,78937e-05
2,76939e-05
-1,61051e-05
-5,39176e-05
-8,61622e-05
-0,000113258
-0,000135618
-0,000153651
-0,000167751
-0,000178301
-0,000185668
-0,000190201
-0,000192232
-0,000192074
-0,000190019
-0,000186341
-0,000181292
-0,000175104
-0,000167992
-0,000160148
-0,000151749
-0,000142952
-0,000133898
-0,000124711
-0,000115502
-0,000106364
-9,73798e-05
-8,86185e-05
-8,01378e-05
-7,19852e-05
-6,41983e-05
-5,68062e-05
-4,98303e-05
-4,32847e-05
-3,71777e-05
-3,15119e-05
-2,6285e-05
-2,1491e-05
-1,71201e-05
-1,31597e-05
-9,59469e-06
-6,40808e-06
-3,58135e-06
-1,09486e-06
1,07183e-06
2,93962e-06
4,52962e-06
5,86291e-06
6,96032e-06
7,84228e-06
8,52864e-06
9,03855e-06
9,39041e-06
9,60172e-06
9,68906e-06
9,66805e-06
9,55333e-06
9,35848e-06
9,09613e-06
8,77786e-06
8,41429e-06
8,01508e-06
7,58895e-06
7,14374e-06
6,68643e-06
6,22319e-06
5,75944e-06
5,29988e-06
4,84854e-06
4,40882e-06
3,98358e-06
3,57513e-06
3,18532e-06
2,81556e-06
2,46687e-06
2,13993e-06
1,83512e-06
1,55253e-06
1,29203e-06
1,05328e-06
8,35771e-07
6,3885e-07
4,61744e-07
3,03586e-07
1,63434e-07
4,02927e-08
-6,68718e-08
-1,59114e-07
-2,37499e-07
-3,03087e-07
-3,56924e-07
-4,00038e-07
-4,33423e-07
-4,5804e-07
-4,7481e-07
-4,8461e-07
-4,88268e-07
-4,86564e-07
-4,8023e-07
-4,69944e-07
-4,56335e-07
-4,3998e-07
-4,21408e-07
-4,01099e-07
-3,79487e-07
-3,56962e-07
-3,33868e-07
-3,10514e-07
-2,87166e-07
-2,64056e-07
-2,41385e-07
-2,19319e-07
-1,97998e-07
-1,77537e-07
-1,58025e-07
-1,39531e-07
-1,22103e-07
-1,05775e-07
-9,05628e-08
-7,64697e-08
-6,34878e-08
-5,15988e-08
-4,07761e-08
-3,09858e-08
-2,21884e-08
-1,43397e-08
-7,3918e-09
-1,29426e-09
4,00515e-09
8,55969e-09
1,2423e-08
1,56484e-08
1,82885e-08
2,03949e-08
2,20175e-08
2,32045e-08
2,40019e-08
2,44536e-08
2,46012e-08
2,44835e-08
2,4137e-08
2,35957e-08
2,28907e-08
2,20511e-08
2,11029e-08
2,00702e-08
1,89745e-08
1,78352e-08
1,66693e-08
1,5492e-08
1,43167e-08
1,31548e-08
1,20161e-08
1,0909e-08
9,84013e-09
8,81524e-09
7,83866e-09
6,91373e-09
6,0428e-09
5,22738e-09
4,46824e-09
3,76547e-09
3,11859e-09
2,52661e-09
1,98815e-09
1,50146e-09
1,06452e-09
6,75073e-10
3,30685e-10
2,88045e-11
-2,3321e-10
-4,58045e-10
-6,48401e-10
-8,06965e-10
-9,36381e-10
-1,03923e-09
-1,11803e-09
-1,17519e-09
-1,21301e-09
-1,23369e-09
-1,2393e-09
-1,2318e-09
-1,21299e-09
-1,18458e-09
-1,14812e-09
-1,10504e-09
-1,05667e-09
-1,00418e-09
-9,48646e-10
-8,91029e-10
-8,3218e-10
-7,72851e-10
-7,13697e-10
-6,55287e-10
-5,98104e-10
-5,42556e-10
-4,8898e-10
-4,37649e-10
-3,88776e-10
-3,42523e-10
-2,99002e-10
-2,58285e-10
-2,20406e-10
-1,85364e-10
-1,53133e-10
-1,2366e-10
-9,68734e-11
-7,26822e-11
-5,09832e-11
-3,16614e-11
-1,45936e-11
3,49718e-13
1,33019e-11
2,43984e-11
3,37754e-11
4,1568e-11
4,7909e-11
5,29284e-11
5,67517e-11
5,94999e-11
6,12885e-11
6,22273e-11
6,24201e-11
6,1964e-11
6,09499e-11
5,94623e-11
5,75789e-11
5,53712e-11
5,29043e-11
5,02374e-11
4,74237e-11
4,45108e-11
4,1541e-11
3,85516e-11
3,55748e-11
3,26389e-11
2,97676e-11
2,69811e-11
2,42959e-11
2,17252e-11
1,92797e-11
1,69669e-11
1,47924e-11
1,27595e-11
1,08696e-11
9,12257e-12
7,51685e-12
6,04965e-12
4,71723e-12
3,51491e-12
2,43745e-12
1,47897e-12
6,33194e-13
-1,06404e-13
-7,46545e-13
-1,29409e-12
-1,7559e-12
-2,13875e-12
-2,44932e-12
-2,69413e-12
-2,8795e-12
-3,01144e-12
-3,09576e-12
-3,13798e-12
-3,14325e-12
-3,11643e-12
-3,06206e-12
-2,98437e-12
-2,88723e-12
-2,77422e-12
-2,64852e-12
-2,51309e-12
-2,37059e-12
-2,22338e-12
-2,07357e-12
-1,92299e-12
-1,77322e-12
-1,62567e-12
-1,48151e-12
-1,34172e-12
-1,20713e-12
-1,07839e-12
-9,56016e-13
-8,40359e-13
-7,31704e-13
-6,30208e-13
-5,35922e-13
-4,48834e-13
-3,6882e-13
-2,95768e-13
-2,29483e-13
-1,69715e-13
-1,16195e-13
-6,86382e-14
-2,67025e-14
9,93883e-15
4,16135e-14
6,86576e-14
9,14358e-14
1,10287e-13
1,25519e-13
1,37444e-13
1,46406e-13
1,5271e-13
1,56645e-13
1,58473e-13
1,58453e-13
1,56846e-13
1,53856e-13
1,49747e-13
1,44684e-13
1,38868e-13
1,32428e-13
1,255e-13
1,18252e-13
1,10807e-13
1,03244e-13
9,56532e-14
8,81331e-14
8,0712e-14
7,34803e-14
6,64937e-14
5,97718e-14
5,33454e-14
4,72277e-14
4,1473e-14
3,60627e-14
3,09955e-14
2,62927e-14
2,19571e-14
1,80059e-14
1,44106e-14
1,11388e-14
8,19181e-15
5,54804e-15
3,18985e-15
1,12371e-15
-6,67608e-16
-2,22066e-15
-3,5592e-15
-4,67532e-15
-5,56906e-15
-6,29954e-15
-6,88848e-15
-7,34678e-15
-7,65537e-15
-7,83416e-15
-7,90042e-15
-7,86912e-15
-7,75324e-15
-7,56402e-15
-7,31122e-15
-7,0033e-15
-6,64759e-15
-6,25837e-15
-5,87656e-15
-5,50115e-15
-5,13131e-15
-4,76628e-15
-4,40543e-15
-4,07777e-15
-3,74931e-15
-3,42017e-15
-3,09043e-15
-2,76018e-15
-2,42948e-15
-2,09839e-15
-1,77491e-15
-1,49445e-15
-1,2513e-15
-1,04048e-15
-8,57713e-16
-6,99252e-16
-5,61869e-16
-4,42759e-16
-3,39493e-16
-2,49962e-16
-1,7234e-16
-1,05042e-16
-4,66957e-17
3,8897e-18
4,77467e-17
8,57701e-17
1,18736e-16
1,47317e-16
1,72096e-16
1,9358e-16
2,12206e-16
2,28354e-16
2,42355e-16
2,54493e-16
2,65017e-16
2,74141e-16
2,82051e-16
2,88909e-16
2,94855e-16
3,0001e-16
3,0448e-16
3,08355e-16
3,11714e-16
3,14627e-16
3,17152e-16
3,19341e-16
3,21239e-16
3,22885e-16
3,24312e-16
3,25549e-16
3,26621e-16
3,27551e-16
3,28357e-16
3,29056e-16
3,29662e-16
3,30187e-16
3,30643e-16
3,31038e-16
3,3138e-16
3,31677e-16
3,31934e-16
3,32157e-16
3,32351e-16
3,32518e-16
3,32664e-16
3,3279e-16
3,32899e-16
3,32994e-16
3,33076e-16
3,33147e-16
3,33209e-16
3,33263e-16
3,33309e-16
3,33349e-16
3,33384e-16
3,33414e-16
3,33441e-16
3,33463e-16
3,33483e-16
3,335e-16
3,33515e-16
3,33528e-16
3,33539e-16
3,33549e-16
3,33557e-16
3,33564e-16
3,33571e-16
3,33576e-16
3,33581e-16
3,33585e-16
3,33588e-16
3,33592e-16
3,33594e-16
3,33596e-16
3,33599e-16
3,336e-16
3,33602e-16
3,33603e-16
3,33604e-16
3,33605e-16
3,33606e-16
3,33607e-16
3,33607e-16
3,33608e-16
3,33608e-16
3,33609e-16
3,33609e-16
3,3361e-16
3,3361e-16
3,3361e-16
3,3361e-16
3,3361e-16
3,33611e-16
3,33611e-16
3,33611e-16
3,33611e-16
3,33611e-16
3,33611e-16
3,33611e-16
3,33611e-16
3,33611e-16
3,33611e-16
3,33611e-16
3,33611e-16
3,33611e-16
3,33611e-16
3,33611e-16
3,33611e-16
3,33611e-16
3,33612e-16
3,33612e-16
3,33612e-16
3,33612e-16
3,33612e-16
3,33612e-16
3,33612e-16
3,33612e-16
3,33612e-16
3,33612e-16
3,33612e-16
3,33612e-16
3,33612e-16
3,33612e-16
3,33612e-16
3,33612e-16
3,33612e-16
3,33612e-16
3,33612e-16
3,33612e-16
3,33612e-16
3,33612e-16
3,33612e-16
3,33612e-16
3,33612e-16
3,33612e-16
3,33612e-16
3,33612e-16
3,33612e-16
3,33612e-16
3,33612e-16
3,33612e-16
3,33612e-16
3,33612e-16
3,33612e-16
3,33612e-16
3,33612e-16
3,33612e-16
3,33612e-16
3,33612e-16
3,33612e-16
3,33612e-16
3,33612e-16
3,33612e-16
3,33612e-16
3,33612e-16
3,33612e-16
3,33612e-16
3,33612e-16
3,33612e-16
3,33612e-16
3,33612e-16
3,33612e-16
3,33612e-16
3,33612e-16
3,33612e-16
3,33612e-16
3,33612e-16
3,33612e-16
3,33612e-16
3,33612e-16
3,33612e-16
3,33612e-16
3,33612e-16
3,33612e-16
3,33612e-16
3,33612e-16
3,33612e-16
3,33612e-16
3,33612e-16
3,33612e-16
3,33612e-16
3,33612e-16
3,33612e-16
3,33612e-16
3,33612e-16
3,33612e-16
3,33612e-16
3,33612e-16
3,33612e-16
3,33612e-16
3,33612e-16
3,33612e-16
3,33612e-16
3,33612e-16
3,33612e-16
3,33612e-16
3,33612e-16
3,33612e-16
3,33612e-16
3,33612e-16
3,33612e-16
3,33612e-16
3,33612e-16
3,33612e-16
3,33612e-16
3,33612e-16
3,33612e-16
3,33612e-16
3,33612e-16
3,33612e-16
3,33612e-16
3,33612e-16
3,33612e-16
3,33612e-16
3,33612e-16
3,33612e-16
3,33612e-16
3,33612e-16
3,33612e-16
3,33612e-16
3,33612e-16
3,33612e-16
3,33612e-16
3,33612e-16
3,33612e-16
3,33612e-16
3,33612e-16
3,33612e-16
3,33612e-16
3,33612e-16
3,33612e-16
3,33612e-16
3,33612e-16
3,33612e-16
3,33612e-16
3,33612e-16
3,33612e-16
3,33612e-16
3,33612e-16
3,33612e-16
3,33612e-16
3,33612e-16
3,33612e-16
3,33612e-16
3,33612e-16
3,33612e-16
3,33612e-16
3,33612e-16
3,33612e-16
3,33612e-16
3,33612e-16
3,33612e-16
3,33612e-16
3,33612e-16
3,33612e-16
3,33612e-16
3,33612e-16
3,33612e-16
3,33612e-16
3,33612e-16
3,33612e-16
3,33612e-16
3,33612e-16
3,33612e-16
3,33612e-16
3,33612e-16
3,33612e-16
3,33612e-16
3,33612e-16
3,33612e-16
3,33612e-16
3,33612e-16
3,33612e-16
3,33612e-16
3,33612e-16
3,33612e-16
3,33612e-16
3,33612e-16
3,33612e-16
3,33612e-16
3,33612e-16
3,33612e-16
3,33612e-16
3,33612e-16
3,33612e-16
3,33612e-16
3,33612e-16
3,33612e-16
3,33612e-16
3,33612e-16
3,33612e-16
3,33612e-16
3,33612e-16
3,33612e-16
3,33612e-16
3,33612e-16
3,33612e-16
3,33612e-16
3,33612e-16
3,33612e-16
3,33612e-16
3,33612e-16
3,33612e-16
3,33612e-16
3,33612e-16
3,33612e-16
3,33612e-16
3,33612e-16
3,33612e-16
3,33612e-16
3,33612e-16
3,33612e-16
3,33612e-16
3,33612e-16
3,33612e-16
3,33612e-16
3,33612e-16
3,33612e-16
3,33612e-16
3,33612e-16
3,33612e-16
3,33612e-16
3,33612e-16
3,33612e-16
3,33612e-16
3,33612e-16
3,33612e-16
3,33612e-16
3,33612e-16
3,33612e-16
3,33612e-16
3,33612e-16
3,33612e-16
3,33612e-16
3,33612e-16
3,33612e-16
3,33612e-16
3,33612e-16
3,33612e-16
3,33612e-16
3,33612e-16
3,33612e-16
3,33612e-16
3,33612e-16
3,33612e-16
3,33612e-16
3,33612e-16
3,33612e-16
3,33612e-16
3,33612e-16
3,33612e-16
3,33612e-16
3,33612e-16
3,33612e-16
3,33612e-16
3,33612e-16
3,33612e-16
3,33612e-16
3,33612e-16
3,33612e-16
3,33612e-16
3,33612e-16
3,33612e-16
3,33612e-16
3,33612e-16
3,33612e-16
3,33612e-16
3,33612e-16
3,33612e-16
3,33612e-16
3,33612e-16
3,33612e-16
3,33612e-16
3,33612e-16
3,33612e-16
3,33612e-16
3,33612e-16
3,33612e-16
3,33612e-16
3,33612e-16
3,33612e-16
3,33612e-16
3,33612e-16
3,33612e-16
3,33612e-16
3,33612e-16
3,33612e-16
3,33612e-16
3,33612e-16
3,33612e-16
3,33612e-16
3,33612e-16
3,33612e-16
3,33612e-16
3,33612e-16
3,33612e-16
3,33612e-16
3,33612e-16
3,33612e-16
3,33612e-16
3,33612e-16
3,33612e-16
3,33612e-16
3,33612e-16
3,33612e-16
3,33612e-16
3,33612e-16
3,33612e-16
3,33612e-16
3,33612e-16
3,33612e-16
3,33612e-16
3,33612e-16
3,33612e-16
3,33612e-16
3,33612e-16
3,33612e-16
3,33612e-16
3,33612e-16
3,33612e-16
3,33612e-16
3,33612e-16
3,33612e-16
3,33612e-16
3,33612e-16
3,33612e-16
3,33612e-16
3,33612e-16
3,33612e-16
3,33612e-16
3,33612e-16
3,33612e-16
3,33612e-16
3,33612e-16
3,33612e-16
3,33612e-16
3,33612e-16
3,33612e-16
3,33612e-16
3,33612e-16
3,33612e-16
3,33612e-16
3,33612e-16
3,33612e-16
3,33612e-16
3,33612e-16
3,33612e-16
3,33612e-16
3,33612e-16
3,33612e-16
3,33612e-16
3,33612e-16
3,33612e-16
3,33612e-16
3,33612e-16
3,33612e-16
3,33612e-16
3,33612e-16
3,33612e-16
3,33612e-16
3,33612e-16
3,33612e-16
3,33612e-16
3,33612e-16
3,33612e-16
3,33612e-16
3,33612e-16
3,33612e-16
3,33612e-16
3,33612e-16
3,33612e-16
3,33612e-16
3,33612e-16
3,33612e-16
3,33612e-16
3,33612e-16
3,33612e-16
3,33612e-16
3,33612e-16
3,33612e-16
3,33612e-16
3,33612e-16
3,33612e-16
3,33612e-16
3,33612e-16
3,33612e-16
3,33612e-16
3,33612e-16
3,33612e-16
3,33612e-16
3,33612e-16
3,33612e-16
3,33612e-16
3,33612e-16
3,33612e-16
3,33612e-16
3,33612e-16
3,33612e-16
3,33612e-16
