0.741948	
-5.14365
-1.88012	
9.25074
9.1432	
-1.03584
-9.10582	
-5.18831
-0.176765	
5.26177
5.93533	
-9.65277
-3.4266	
-4.0028
9.94272	
7.31962
5.22276	
-6.87138
8.00236	
1.9676
-6.92715	
-4.0949
5.57212	
-1.54681
-7.20868	
5.02494
-9.51536	
-1.84867
-7.035	
-5.02774
2.14609	
-8.62844
5.54899	
1.02266
-9.60789	
-9.53079
7.44555	
2.01593
-2.95505	
4.99068
4.22592	
4.83485
-1.80738	
0.120416
-8.18324	
-5.98493
-5.76461	
-0.086611
0.26893	
7.48309
-7.05565	
-5.47727
-6.11692	
6.80389
3.26386	
4.99542
-6.6059	
-0.250819
6.64493	
-6.05269
5.79787	
-8.36845
7.13607	
-4.01531
-7.98637	
3.96071
4.69821	
6.74005
5.41568	
2.05865
1.25202	
-8.02806
2.45268	
1.82437
9.91482	
7.35717
-5.343	
4.99872
8.43497	
-3.80418
0.952489	
6.42996
1.88344	
-5.89274
-9.65213	
-3.62084
-3.41073	
-2.25639
9.74128	
-9.46463
1.93044	
8.23593
5.10171	
-4.15557
-9.77262	
-1.4471
5.9495	
1.27156
-0.460668	
3.17361
-8.21407	
-7.45789
6.8051	
1.75727
-9.30024	
6.28321
0.297498	
9.5194
8.76519	
7.90168
-6.89823	
-0.917671
-6.20532	
-9.11653
4.4238	
8.88367
1.84715	
7.27064
-2.2776	
0.809327
-5.37841	
-3.10284
3.49386	
-2.95991
-3.21676	
0.282427
-5.16101	
8.58179
0.631759	
-1.15596
4.59796	
4.54691
-0.932353	
-5.35865
2.85459	
-8.91628
-4.83746	
8.58397
8.6583	
9.68716
7.16766	
5.39012
5.72373	
4.5315
-3.45198	
-6.89033
7.79794	
6.45441
-1.75418	
1.94666
-7.66045	
3.62576
-9.8242	
-3.33072
8.11957	
-9.91002
-8.80156	
-9.49822
-3.41311	
4.78191
-1.7208	
6.16137
4.70074	
3.10698
-6.50675	
4.90362
-0.274744	
-7.39712
4.77048	
-9.56367
0.872153	
-5.87266
0.458449	
-8.97129
-7.67275	
2.55549
8.68555	
5.18636
-9.0803	
4.35977
5.26293	
-9.16318
-3.63215	
-8.92253
4.61313	
-6.44371
-9.88908	
1.13453
4.97724	
2.07836
-3.69204	
0.356304
-5.3447	
2.30524
-0.846111	
-5.97081
-5.75734	
5.10487
4.58557	
4.08122
-1.45762	
2.36082